
7.063915826008316
10.579097216189254
14.09121492485039
12.640007530606294
6.500784882820935
10.41424315383748
14.674500608724907
14.903762352018125
6.773015795785823
10.717633217783986
13.969259478253615
15.617785896415697
7.854332461450567
11.563214470232268
13.413350622945504
14.363073434298801
6.222714160965763
10.755882950224189
15.067460857137885
14.64760684795642
6.335290536955871
10.114737898564607
13.646800601895723
14.474225242870157
6.0902856692719975
9.765532615842087
12.050532311025913
14.37846940088403
7.013923605832035
11.653573505286484
15.860929929900243
16.487703591676077
7.6211048485986055
10.962093860750299
15.352896534603753
15.482418269885322
6.790548430406351
10.322005524124211
13.071093049781565
13.50403968226444
7.561717363555089
10.809626339302444
15.398188271206317
16.0728466004435
6.892379729366437
11.344563840005708
14.609046757867953
14.732876499935161
6.5390523493919614
10.276336303070345
14.128110313240034
14.723441796016104
6.6055619542685795
10.20782685905573
12.43724370301704
14.392564157928579
6.540440030961455
10.260859088292191
13.795947373930654
14.728979467621565
6.525020454535823
11.451559678073847
13.8925424883897
15.535589477951556
7.173282528812226
11.000425621023119
13.672334636156991
12.282645923892364
7.51985395707519
12.287932136200894
15.2947609377496
17.10897639795744
6.865785096532567
11.422122578044185
14.680777722075048
14.046154176662325
8.178052624139143
11.421794149178577
13.544296983772389
13.950297476849302
7.658586181275267
12.450491017277674
15.543684685922123
14.751546351576891
6.750939628874837
10.709170643558194
13.867555772220138
14.872777834258171
6.710641808178932
11.93515484888029
15.829747874685056
18.2366192079253
7.8899871241518165
12.537290287323517
15.646179660869652
17.343043311699372
7.734532567942168
13.43180268826942
15.979883573703283
16.827549015256245
6.858014704886293
12.08104471633501
15.442187866332544
16.621608602056344
7.431506493814579
11.977986323651706
14.654922145092591
15.071426486894747
6.963331823584664
11.282817086718747
14.601527692324717
15.948106436175584
7.3547375963987225
12.271405252757319
16.10954180689879
15.792055982718633
7.617614273245059
12.94075678494812
14.914025114784847
15.363422046436169
7.922381322937521
12.35852659736164
15.920097841845033
17.40370366780139
6.986825132142352
11.083027976758192
14.58818513484005
14.891296653393812
7.275171079057884
12.903039419063429
16.9193241554823
16.94782253883333
9.36411534358394
13.39578283141964
15.654593733193733
16.517913230916882
7.673736416126004
11.76725324243516
14.948437264600065
15.950009895751338
7.134109092807897
12.478057444793562
16.489237197349375
15.577037207384366
7.834771335625143
12.53617843072057
16.497732480722707
16.378452981306012
7.548124605099317
12.451030979714806
15.898097462400509
15.904785217550028
8.626496297768764
12.795677388056024
15.615927224676042
14.659768305279924
6.959941719785423
11.167312335418844
14.190145488688042
15.633606079534383
8.55326197792284
13.153531043593652
17.82722050720165
17.266876428722416
7.758717161964526
13.848588596383241
17.417190436612724
17.839965509084436
7.800796942947683
12.054833113429147
16.07441735227845
15.54487997666916
7.527563795235472
11.851549918117097
15.498437510843036
14.716957313730074
8.753220400865734
13.057120493488712
16.46357202061472
16.086352310570874
8.565001506181508
13.012707873173396
16.410997083152978
17.524493509149632
6.960971099245765
10.739086994872201
14.98868618150835
16.6575736272117
7.688765347733095
10.923293549152417
14.281033690333746
13.934692495709582
8.641339389080537
13.586424329756916
16.92248960818107
16.545785933188586
6.863276064861105
11.491119176297369
15.092463363099696
14.788606598674345
7.926874900847155
13.711450863520492
15.442532424146567
16.249931133406005
7.4268497099685264
11.231338205016318
13.355233588720495
16.94010098985979
7.1753942328833205
13.242575168719394
16.540690269906893
18.15756267472587
7.833393024678315
11.993922329405429
15.224937260644905
15.55911011887366
7.74223665056764
12.091465817182488
16.122601257134466
16.197325623985297
7.631148638552277
11.833375641878439
14.732391878909521
14.867082889810446
7.4770689982232055
11.322200483957317
15.64240386909123
16.67671168081476
7.631347377280106
12.163797710239022
15.27677739022439
16.172314016932344
8.3705936995529
13.007964679554972
16.042743012582875
15.068085812904707
7.887522630245492
12.484223623096502
16.031967275614566
17.331772234223415
7.147914218736578
11.923381154762312
13.456640156833727
15.002010358907533
7.992152477392778
13.33084424638802
16.4669880374795
16.10492672548523
8.873245191443578
13.022472971864861
16.20119736602099
16.191264757179617
8.208203940552417
14.298113375739684
19.14866913829238
18.779032009978813
7.637795031385269
13.214212608534853
18.912997742727377
17.89412588105249
7.659964941453644
12.941355432934337
17.25428316550325
18.714882813481342
7.451592240220262
11.686723398865004
15.655541687501461
16.893704033748755
8.816513105823406
14.424470934124699
17.609863790603608
17.128058892346907
8.006966450714788
12.82541044920026
16.34033165902389
15.83674610708746
7.970715595861125
12.8906434351834
16.208819816366287
15.291071596460451
8.454424579204305
14.935450236948478
17.64334104340265
17.146013713006507
8.002138410258938
13.415791089586458
17.49554185035766
18.175428471450328
8.25258716668213
13.961332955853733
17.54452109731361
18.58144742763216
7.625387218533335
13.388114917233338
16.84866994220031
16.47673778064934
7.801794045727024
13.500954152082636
15.368087645630194
14.73601326444073
8.85451456685805
13.459762144695407
16.678788300209717
15.35469508036959
7.513832208984311
12.878556608176833
18.297949913237414
18.0776001408193
9.118492185822134
13.618826021323391
19.111330486583736
19.76489536082423
8.679372032091049
14.004856180030023
17.25820790513941
17.0300672507158
7.970179112783765
12.671688207399336
16.944367646342897
18.08022134692695
9.148041112180955
14.204973736568425
16.428298691537485
17.65676045485066
8.113318174935115
14.261022362272975
16.868373551359838
16.866897474106818
8.435417522291088
14.73594538427672
16.39956268181123
16.05455291983944
8.317265205334117
13.689977486315001
17.936366273402054
17.12357627046386
9.676499059831219
14.718686326707978
18.19723945602886
19.098700453042674
7.954176793339085
12.369258474189504
16.155427603877442
17.84291847835945
9.610672801931427
15.566222045616241
19.645003925766545
18.47370694508567
7.925178912031884
13.49599342694381
16.80103594720787
18.478192935124813
8.784560051621137
14.963989015477665
20.211180185017454
19.3564315493794
9.06422465820935
14.41757524570092
18.932657386200937
20.377148319068684
9.900801964860541
16.540021034032364
20.02251347804312
19.361831415304625
9.839699243154156
14.98942102902417
19.340663378430026
18.18498956212424
8.071274269602105
13.10325092112787
15.876330928238575
17.187093231357494
9.300881058830996
15.72133258259084
19.81242520733709
18.341960909417057
8.597815096041337
13.849864387471996
17.643719397223474
16.837479887790906
9.459629507708529
13.531508173290547
16.758514246942163
16.5070497941109
9.165553383643253
15.625964696195267
19.41741893829366
18.25017771024434
10.480385370379182
17.650583890909722
20.955607335976747
19.67572842692931
9.377669985527298
14.056771495285025
18.2390252734253
16.27486797930971
8.35776624339267
14.575869001141358
18.73576128086212
19.243252166274427
9.551776624550055
14.97655127959947
18.703735220075476
18.55379612374704
9.487582798049992
15.484345436566366
20.132296435957574
18.57874792625582
9.618143499939375
16.253877693955697
19.915790160070976
19.784739110763795
9.403267401404316
14.878658058377342
18.507836193355644
18.524837020796912
9.884569101681473
17.219020151125388
20.615279889318067
20.396190505921744
8.714910032622333
14.52634365736068
19.413834640687572
18.84452032878258
11.251772548972797
17.25660554702236
19.4456172203445
18.46797201818925
11.348152327737685
16.805513230783315
19.560273017595406
17.97576851275583
13.08069414388106
19.135874504317766
21.114042556799266
19.85873181019744
10.220621824038602
15.852952736631586
18.39262757116251
18.50244832064227
10.796437954697693
17.372676642085914
21.891168874931157
19.303585767760644
10.586629269610917
15.442148480195172
19.080224719632945
19.43172362966823
9.866354752998483
16.51245637528272
19.542803622589577
18.476630198313902
9.240942064916837
15.427043644419328
17.807383638538322
17.0682460047763
11.761646662493584
17.375261562672687
21.19058220997346
18.153620930567197
9.6240432376465
14.816446440855637
18.250088695763505
18.59063421904787
8.183400776629748
13.063261164337389
16.73442046886471
16.754688825478002
11.42971076114618
17.739909185109756
21.23220252618699
19.633215815712667
9.358726717611784
14.883941724590684
18.47281028095251
17.884741652953966
11.326281937410709
19.115266076932876
24.379258236725903
24.37812528760877
9.687064289753208
15.693970134972506
20.36838456188231
19.063454915524183
10.503228367648855
17.752197513114226
21.498489797566386
18.72242022455521
11.88292438823452
19.173942601484935
23.30197529649691
21.123621046401126
9.342968279747208
16.229116120798086
21.5030723733637
19.896810697404042
10.48424773706527
18.458934561361612
22.319370831451995
20.68003517454698
12.36665461947618
19.918991571737138
24.25422099631063
21.22590975232833
11.458818373197326
18.56785380748489
22.62810272788999
22.700274911843504
13.53607997154772
21.57805407717552
24.36334972370586
21.69108060351675
11.138342386864359
17.65533036052211
22.430416849393364
20.084435428049275
9.645515675921514
16.548415030247916
22.203180746423545
21.02612594303089
14.66419630563253
20.99837294022929
25.248288054171752
21.92276176266301
9.911731881775383
15.349852842430614
19.849362998324924
19.65158327266887
11.982925883829806
18.64677013748961
22.510649928558536
21.669444500926303
10.37176262343742
16.053842047573806
20.672372206913955
18.081179898230882
13.093814286061322
19.604191652673745
21.992327725956205
20.04406373483548
11.889139427980835
17.817670055228096
24.201245198532504
21.917969872522917
9.666454411812065
16.074004965504866
20.15410857038327
18.305303462284428
10.451980432701596
16.134263705461112
19.57793846287388
17.148953256950183
10.296677421543594
16.952426738329294
21.32360566501482
20.011298684203688
11.572670492136428
19.011529819577998
24.668523780364918
22.51671360530337
9.674407717896369
16.728001573703466
21.270841500514646
20.485884591498287
13.514914478690768
20.864678938726524
26.19665376865784
25.7225603116347
9.285914902453584
15.181635342626382
21.588248588526028
21.697477826585825
11.516639821506848
17.773671300228578
22.111832416960144
21.817443206275144
11.127732856293756
19.520927869062987
26.03163061886339
23.372055593147252
12.809336746711136
20.221804747175696
23.305459722782416
20.938818789182374
14.647654611076364
22.77799483459471
26.577322587455974
23.345091333836553
10.304165986811476
18.78102862010673
23.895975272185098
22.730389824633775
11.753437370316034
17.86993659024902
21.82920747425577
20.250917411809926
15.569150754524491
23.438682541658352
26.086548689328698
23.964999559561758
12.945943591319125
21.675973114277113
24.796406640695103
21.727298410577003
13.985624437330305
23.755935124679606
27.28564976646848
24.495777960989642
10.46763150804649
18.753331010988788
22.65980470272246
23.77616015534985
12.095866417088834
19.661356648274943
23.16823264259924
21.050082986477044
13.118117711905791
20.256717748903945
22.619969899353027
21.26894926117179
13.620646747205678
20.301018024098475
23.79229632787334
20.45391786712232
13.379450862070271
18.969123883368084
23.175565586544558
19.88051556865443
11.282990069945603
19.19787996458122
23.699357448911822
21.910296780970047
12.293427663870698
19.0145475283761
21.93220810290361
20.139265119255132
13.981144639826534
21.984886475029082
26.974304418983806
24.549931314355135
13.981946245264377
21.021938228960234
23.14952606782139
21.214138801321912
14.151845852749393
21.28637112519513
24.867768256930276
20.59064002524443
13.423418028087182
20.636779351359273
22.966954481270726
20.01478563340039
12.666709547978876
20.973663205009245
24.61759314464854
23.270023199446797
12.896708917844917
19.999590791031082
24.465329709221415
21.537537328616988
12.099605573693639
20.68101815145725
25.98424874561133
25.726576533019152
13.934972341911946
22.298215739518856
25.90489376958035
26.20460175657099
11.754912798152473
19.368496038348418
25.97097001294204
24.693195565341302
12.748855319050188
21.39583484522989
27.421255939832356
23.552178494675964
12.985759884852227
18.959318670126695
23.533966696106674
21.19588871173831
11.561466364976889
17.438058857254816
23.315262044860017
19.868076959909278
13.182137942864532
20.63394012641267
22.71504629547936
22.503960319788284
12.458698792439339
19.910826035226563
23.63546289990573
22.415669589643972
14.273076834694642
21.893559956466316
26.79327328262867
23.68453079486346
13.186195780567939
22.54548745529509
26.365258710839345
24.62105344343705
18.078452410419597
26.90702269156311
30.717682596244146
22.788944802358635
13.319821598706547
21.25900284991146
24.139775083210566
21.894407988074676
15.415050702159084
22.507530057662063
24.02008977404382
19.832033972600836
14.039049267279061
20.369054520829494
23.013100340985858
20.83807966477701
15.815114367483655
24.10981396998638
25.736207971990655
24.16294610362263
15.265093920600702
26.08864141589583
32.430293044238404
29.769353724461205
14.640273165571744
23.740044331910475
25.388779530184774
24.014604805792143
15.794090877555114
25.10036881855972
28.284074733022855
23.631383765413037
19.884381249331597
26.896799695799768
28.44767935392012
24.412009372801123
14.28289714680117
21.79312313409087
25.184453910593632
22.18299635474569
13.373234452895195
20.53483769203846
22.96524846800527
21.69927115408081
17.311102210947343
25.178934937518104
27.487664078959455
22.89675252537519
18.3341430244681
29.82378884514476
34.52786776517773
31.69391396896248
16.92962813634477
26.929443280792707
30.263168326828378
26.864376377035853
16.422449187869915
25.500891660369003
29.73685643402215
24.994028099321785
18.328093802899446
26.942220471722084
28.819829322863324
23.397447440297167
17.755498845331488
28.001166714791893
32.41701817038364
28.02412956193554
14.795821850388954
24.088189464127442
29.0228957158858
24.03510785830308
14.283942213657012
22.24385527596123
25.455975320591456
22.913249216559464
17.631028561501935
27.43480751767178
32.267989093179146
25.042789810619272
13.232048250197966
20.95644523549913
25.339250227613576
24.036177470859002
14.520873289999852
24.172230419727736
27.86165419773377
25.317085387363758
14.741009287310803
22.46724442792376
27.886475631291155
25.760755828613075
17.747245256703234
25.868509499225244
27.335195611040383
22.798267717242265
22.350843509727
32.088507707975396
36.60065926094476
28.061402142742203
1.5432535685955773
3.038489524406714
3.759451043157433
2.9149424941168385
